4294967278,37
4294967278,36
4294967278,35
4294967278,34
4294967278,33
4294967278,32
4294967278,31
4294967278,30
4294967278,29
4294967278,28
4294967278,27
4294967278,26
4294967278,25
4294967278,24
4294967278,23
4294967278,22
4294967278,21
4294967278,20
4294967278,19
4294967278,18
4294967278,17
4294967278,16
4294967294,914
4294967294,940
4294967278,303
4294967278,302
4294967278,301
4294967279,300
4294967278,300
4294967278,299
4294967279,299
4294967278,298
4294967279,170
4294967294,38
4294967294,37
4294967294,36
4294967294,39
4294967294,187
4294967294,168
4294967294,404
4294967294,474
4294967278,297
4294967279,169
4294967279,298
4294967278,296
4294967279,168
4294967279,166
14,5
4294967279,165
14,4
14,3
14,2
14,1
4294967278,295
4294967279,164
4294967294,40
4294967294,1417
4294967294,1416
4294967294,427
4294967294,473
4294967294,403
4294967294,455
4294967294,472
4294967294,915
4294967279,161
4294967279,297
4294967278,294
4294967279,296
4294967279,295
4294967294,81
4294967278,15
4294967278,14
4294967278,13
4294967278,12
4294967278,11
4294967278,10
4294967278,9
4294967278,8
4294967278,7
4294967278,6
4294967294,50
4294967294,97
4294967294,107
4294967294,7
4294967279,159
4294967294,6
4294967294,94
4294967294,96
13,4
4294967279,158
4294967279,156
4294967294,437
4294967294,191
4294967294,400
4294967279,157
4294967278,5
4294967278,4
4294967279,132
4294967279,131
4294967279,130
4294967279,129
4294967279,128
4294967279,127
4294967279,126
4294967279,125
4294967279,124
4294967279,123
4294967279,122
4294967278,293
4294967279,155
4294967279,294
4294967294,416
4294967279,154
4294967278,292
4294967279,153
4294967279,293
4294967294,110
4294967294,175
4294967294,457
4294967279,152
4294967279,121
4294967279,120
4294967279,119
4294967279,118
4294967279,117
4294967279,116
4294967279,115
4294967279,114
4294967279,113
4294967279,112
4294967279,111
4243767290,3
4243767290,2
4294967294,22
4294967294,17
4294967294,67
4294967294,99
4294967294,76
4294967294,41
4294967294,896
4294967294,421
4294967294,12
4294967294,13
4294967278,291
4294967279,151
4294967279,292
4294967294,941
4294967294,458
4294967294,462
4294967294,109
4294967294,180
4294967279,150
4294967279,110
4294967279,109
4294967279,108
4294967278,290
4294967279,149
4294967279,291
4294967294,406
4294967294,384
4294967294,119
4294967294,164
4294967279,148
4294967279,107
4294967279,106
4294967279,105
4294967279,104
4294967279,103
4294967278,289
4294967279,147
4294967279,290
4294967294,461
4294967294,465
4294967279,146
4294967278,119
4294967278,117
4294967278,116
4294967278,114
4294967278,113
4294967278,112
4294967279,102
4294967279,101
4294967278,288
4294967279,145
4294967279,289
4294967294,396
4294967294,463
4294967294,459
4294967294,450
4294967294,391
4294967294,453
4294967279,144
4294967278,287
4294967294,899
4294967294,946
4294967279,143
4294967279,288
4294967294,115
4294967294,392
4294967294,390
4294967294,114
4294967294,44
4294967294,43
4294967294,53
4294967294,417
4294967294,51
4294967294,409
4294967294,385
4294967294,415
4294967294,183
4294967294,167
4294967294,112
4294967294,411
4294967294,184
4294967294,448
4294967279,142
0,5
4294967278,286
4294967278,260
4294967278,0
4294967294,92
4294967294,90
4294967294,88
4294967294,86
4294967294,84
4294967294,82
4294967279,141
4294967279,287
4294967279,260
4294967279,0
4294967294,9
4294967294,8
0,7
4294967294,389
4294967294,1415
4294967294,1414
4294967294,1413
4294967294,393
4294967294,120
4294967294,45
4294967294,424
4294967294,52
4294967294,471
4294967294,1412
4294967294,1411
4294967294,395
4294967294,399
4294967294,186
4294967294,900
4294967294,178
4294967294,179
4294967294,407
4294967294,420
4294967294,902
4294967294,414
4294967294,944
4294967294,444
4294967294,398
4294967294,116
4294967294,467
4294967294,470
4294967294,2
4294967294,468
4294967294,29
4294967294,947
4294967294,28
4294967294,27
4294967294,26
4294967294,25
4294967294,91
4294967294,87
4294967294,85
4294967294,1410
4294967294,1
4294967294,1409
4294967294,46
